- pose:
    position:
        x: 1.88871252834
        y: -0.237344563773
        z: 0
    orientation:
        x: 0
        y: 0
        z: -0.132922150419
        w: 0.991126481297